200     1.77708 
205     1.77157
210     1.75702
215     1.73578
220     1.71073
225     1.68478
230     1.66046
235     1.63843
240     1.61878
245     1.60155
250     1.58683
255     1.57446
260     1.56407
265     1.55524
270     1.54757
275     1.54065
280     1.53411
285     1.52788
290     1.52196
295     1.51635
300     1.51106
305     1.50609
310     1.50145
315     1.49714
320     1.49317
325     1.48954
330     1.48626
335     1.48334
340     1.48076
345     1.47856
350     1.47672
355     1.47525
360     1.47416
365     1.47345
370     1.47313
375     1.47320
380     1.47593  
385     1.47483     
390     1.47377
395     1.47276
400     1.47179
401     1.4716
402     1.47141
403     1.47122
404     1.47104
405     1.47085
406     1.47067
407     1.47049
408     1.47032
409     1.47014
410     1.46996
411     1.46979
412     1.46962
413     1.46945
414     1.46928
415     1.46911
416     1.46894
417     1.46878
418     1.46862
419     1.46845
420     1.46829
421     1.46813
422     1.46798
423     1.46782
424     1.46766
425     1.46751
426     1.46736
427     1.46721
428     1.46706
429     1.46691
430     1.46676
431     1.46661
432     1.46647
433     1.46632
434     1.46618
435     1.46604
436     1.4659
437     1.46576
438     1.46562
439     1.46549
440     1.46535
441     1.46522
442     1.46508
443     1.46495
444     1.46482
445     1.46469
446     1.46456
447     1.46444
448     1.46431
449     1.46418
450     1.46406
455     1.46345
460     1.46287
465     1.46231
470     1.46178
475     1.46126
480     1.46086
485     1.46038
490     1.45992
495     1.45948
500     1.45905
510     1.45824
520     1.45748
530     1.45677
540     1.4561
550     1.45547
560     1.45487
570     1.45429
580     1.45375
590     1.45327
600     1.45277
620     1.45181
640     1.45093
660     1.45014
680     1.44946
700     1.4487
800     1.44
