#"y(x), created by Plot Digitizer, 2.5.0 dev"
#"Date: 1/15/12, 4:25:30 PM"
#
#
#39
#x,y
200.51114 1.41283
204.29388 1.40988
208.07661 1.40693
210.94208 1.40356
212.89023 1.39977
218.53337 1.39661
221.40399 1.39303
226.12984 1.38945
232.71091 1.38587
239.30748 1.38166
249.62482 1.37703
252.49544 1.37344
260.93173 1.36987
271.23361 1.36587
279.66476 1.36251
291.78571 1.35999
302.98935 1.35705
311.39468 1.35474
328.16922 1.35160
349.56631 1.34909
362.60971 1.34679
376.57556 1.34470
396.10196 1.34282
413.76794 1.34116
432.34607 1.34013
450.94998 1.33804
470.45056 1.33722
489.02350 1.33640
506.67401 1.33537
528.01947 1.33497
543.80957 1.33415
560.52728 1.33333
582.80554 1.33272
603.22858 1.33211
624.58435 1.33130
642.21942 1.33090
662.62695 1.33092
675.63422 1.33010
691.40881 1.32991
