5.63565	5.193
5.61015	5.232
5.58488	5.245
5.55983	5.263
5.53501	5.281
5.51041	5.27
5.48603	5.299
5.46186	5.309
5.43791	5.31
5.41416	5.332
5.39062	5.346
5.36728	5.373
5.34415	5.351
5.32121	5.358
5.29847	5.388
5.27593	5.375
5.25357	5.401
5.2314	5.427
5.20942	5.428
5.18763	5.435
5.16601	5.464
5.14457	5.454
5.12332	5.456
5.10223	5.477
5.08132	5.463
5.06058	5.506
5.04001	5.515
5.01961	5.512
4.99936	5.534
4.97929	5.555
4.95937	5.541
4.93961	5.567
4.92001	5.595
4.90056	5.611
4.88127	5.577
4.86213	5.634
4.84313	5.606
4.82429	5.656
4.80559	5.654
4.78704	5.674
4.76862	5.677
4.75035	5.699
4.73222	5.726
4.71423	5.717
4.69637	5.742
4.67865	5.757
4.66106	5.758
4.6436	5.765
4.62628	5.793
4.60908	5.788
4.59201	5.832
4.57506	5.819
4.55824	5.848
4.54155	5.872
4.52497	5.895
4.50852	5.888
4.49218	5.891
4.47597	5.922
4.45986	5.911
4.44388	5.949
4.42801	5.963
4.41225	5.945
4.3966	5.99
4.38107	5.987
4.36564	6.019
4.35032	6.04
4.33511	6.058
4.32001	6.072
4.30501	6.071
4.29011	6.085
4.27532	6.126
4.26063	6.142
4.24604	6.125
4.23154	6.173
4.21715	6.181
4.20286	6.192
4.18866	6.244
4.17455	6.255
4.16055	6.269
4.14663	6.281
4.13281	6.308
4.11908	6.328
4.10544	6.346
4.09189	6.374
4.07843	6.39
4.06506	6.433
4.05177	6.462
4.03857	6.512
4.02546	6.572
4.01244	6.587
3.99949	6.632
3.98663	6.664
3.97385	6.708
3.96116	6.772
3.94854	6.831
3.93601	6.846
3.92355	6.91
3.91117	6.987
3.89888	7.067
3.88665	7.159
3.87451	7.279
3.86244	7.314
3.85044	7.437
3.83852	7.519
3.82667	7.65
3.8149	7.798
3.8032	7.895
3.79157	8.111
3.78001	8.279
3.76852	8.529
3.7571	8.769
3.74575	9.011
3.73447	9.281
3.72325	9.652
3.7121	10.016
3.70102	10.381
3.69001	10.883
3.67906	11.618
3.66817	13.048
3.65735	16.63
3.6466	23.974
3.6359	39.722
3.62527	69.557
3.6147	120.647
3.60419	197.57
3.59375	323.176
3.58336	533.091
3.57303	794.243
3.56277	1124.76
3.55256	1536.05
3.54241	2036.69
3.53231	2561.86
3.52228	3203
3.5123	3879.09
3.50238	4640.36
3.49251	5502.34
3.4827	6258.25
3.47295	6981.16
3.46325	7615.17
3.4536	8165.07
3.44401	8612.27
3.43447	8971.95
3.42498	9215.15
3.41554	9408.7
3.40616	9541.95
3.39683	9599.35
3.38755	9648.65
3.37832	9649.86
3.36914	9628.08
3.36001	9659.13
3.35093	9644.5
3.34189	9649.69
3.33291	9720.04
3.32397	9761.15
3.31509	9796.63
3.30625	9831.81
3.29745	9833.94
3.28871	9835.25
3.28001	9804.41
3.27135	9751.63
3.26274	9701.14
3.25418	9586.49
3.24566	9458.64
3.23719	9321.53
3.22876	9182.25
3.22037	9046.9
3.21203	8907.49
3.20373	8753.6
3.19547	8624.98
3.18726	8465.2
3.17908	8344.89
3.17095	8246.41
3.16286	8092.73
3.15482	7980.61
3.14681	7832.17
3.13884	7686.36
3.13092	7559.37
3.12303	7400.17
3.11518	7260.37
3.10737	7075.25
3.09961	6885.28
3.09188	6693.57
3.08419	6476.35
3.07653	6279.99
3.06892	6088.52
3.06134	5900.19
3.0538	5708.74
3.0463	5534.63
3.03883	5384.16
3.0314	5221.43
3.02401	5074.86
3.01665	4925
3.00933	4783.59
3.00204	4653.3
2.99479	4541.17
2.98757	4409.49
2.98039	4294.37
2.97324	4184.22
2.96613	4065.74
2.95905	3953.79
2.95201	3841.92
2.94499	3728.33
2.93802	3590.68
2.93107	3466.37
2.92416	3330.97
2.91728	3198.23
2.91043	3079.97
2.90361	2953.63
2.89683	2838.36
2.89008	2713.08
2.88335	2611.65
2.87666	2510.57
2.87001	2404.49
2.86338	2303.9
2.85678	2213.86
2.85021	2136.95
2.84368	2062.93
2.83717	1974.54
2.83069	1912.19
2.82424	1847.99
2.81782	1792.24
2.81143	1736.33
2.80507	1674.99
2.79874	1620.17
2.79244	1567.63
2.78616	1514.77
2.77992	1468.65
2.7737	1416.42
2.76751	1372.69
2.76134	1324.47
2.75521	1275.83
2.7491	1221.56
2.74301	1169.37
2.73696	1117.57
2.73093	1072.56
2.72493	1028.14
2.71895	982.183
2.713	940.562
2.70708	898.632
2.70118	858.198
2.69531	818.747
2.68946	776.362
2.68364	741.437
2.67785	702.889
2.67207	671.375
2.66633	639.627
2.66061	614.917
2.65491	586.686
2.64924	562.53
2.64359	538.005
2.63796	513.036
2.63236	488.795
2.62678	467.949
2.62123	448.064
2.6157	430.627
2.61019	412.969
2.60471	396.808
2.59925	380.844
2.59381	365.763
2.5884	349.574
2.58301	335.836
2.57764	322.411
2.57229	307.403
2.56696	294.158
2.56166	281.511
2.55638	270.01
2.55112	258.825
2.54588	245.394
2.54066	234.716
2.53547	223.348
2.53029	212.972
2.52514	203.269
2.52	193.953
2.51489	184.387
2.5098	176.077
2.50473	168.032
2.49968	160.318
2.49465	152.708
2.48964	145.271
2.48465	137.735
2.47968	131.526
2.47474	125.582
2.46981	119.976
2.4649	114.817
2.46	109.98
2.45513	105.364
2.45028	101.286
2.44545	96.872
2.44063	93.426
2.43584	89.28
2.43106	85.527
2.42631	82.021
2.42157	79.053
2.41685	75.583
2.41214	72.647
2.40746	69.882
2.4028	67.227
2.39815	64.618
2.39352	61.934
2.38891	59.517
2.38431	57.102
2.37974	54.851
2.37518	52.93
2.37064	50.898
2.36611	48.946
2.3616	47.14
2.35711	45.359
2.35264	43.364
2.34819	41.732
2.34375	40.162
2.33933	38.694
2.33492	37.226
2.33053	35.925
2.32616	34.578
2.3218	33.394
2.31746	31.887
2.31314	30.802
2.30883	29.686
2.30454	28.52
2.30026	27.612
2.296	26.819
2.29176	26.004
2.28753	25.264
2.28332	24.465
2.27912	23.768
2.27494	23.03
2.27077	22.383
2.26662	21.687
2.26249	21.057
2.25837	20.446
2.25426	19.853
2.25017	19.287
2.24609	18.837
2.24203	18.332
2.23798	17.853
2.23395	17.417
2.22993	16.955
2.22593	16.528
2.22194	16.061
2.21797	15.597
2.214	15.257
2.21006	14.789
2.20613	14.451
2.20221	14.111
2.1983	13.757
2.19441	13.458
2.19053	13.025
2.18667	12.703
2.18282	12.445
2.17898	12.136
2.17516	11.795
2.17135	11.54
2.16756	11.306
2.16377	11.023
2.16	10.787
2.15625	10.594
2.1525	10.346
2.14877	10.195
2.14506	9.991
2.14135	9.815
2.13766	9.695
2.13398	9.499
2.13031	9.345
2.12666	9.227
2.12302	9.082
2.11939	8.981
2.11577	8.824
2.11217	8.722
2.10858	8.612
2.105	8.517
2.10143	8.389
2.09787	8.321
2.09433	8.219
2.0908	8.124
2.08728	8.048
2.08377	7.947
2.08027	7.861
2.07679	7.804
2.07332	7.719
2.06985	7.626
2.0664	8.389
2.06297	8.321
2.05954	8.219
2.05612	8.124
2.05272	8.048
2.04933	7.947
2.04594	7.861
2.04257	7.804
2.03921	7.719
2.03587	7.626
