115.855 1.588
116.866 1.619
119.897 1.656
120.908 1.692
124.949 1.732
127.981 1.767
132.023 1.794
136.064 1.818
143.137 1.873
146.169 1.91
147.179 1.929
150.211 1.947
152.232 1.947
155.263 1.926
158.294 1.813
158.792 1.797
160.315 1.704
164.357 1.681
166.378 1.67
171.43 1.672
176.482 1.692
182.545 1.744
185.576 1.764
191.639 1.773
197.702 1.773
206.796 1.751
210.838 1.72
216.9 1.684
228.015 1.637
241.151 1.586
242 1.583572662465
243 1.581147235186
244 1.578772454424
245 1.576447097432
246 1.574169974769
247 1.571939929285
248 1.569755835134
249 1.567616596827
250 1.56552114831
251 1.563468452079
252 1.561457498321
253 1.559487304087
254 1.55755691249
255 1.555665391928
256 1.553811835338
257 1.551995359473
258 1.550215104195
259 1.548470231804
260 1.546759926379
261 1.545083393148
262 1.543439857866
263 1.541828566232
264 1.540248783304
265 1.538699792952
266 1.53718089731
267 1.535691416265
268 1.534230686942
269 1.532798063224
270 1.531392915272
271 1.530014629069
272 1.528662605978
273 1.527336262307
274 1.526035028895
275 1.524758350707
276 1.523505686445
277 1.522276508164
278 1.521070300906
279 1.519886562347
280 1.518724802444
281 1.517584543107
282 1.516465317869
283 1.515366671574
284 1.514288160067
285 1.513229349904
286 1.512189818058
287 1.511169151641
288 1.510166947638
289 1.509182812639
290 1.508216362584
291 1.507267222519
292 1.506335026352
293 1.505419416624
294 1.504520044278
295 1.503636568442
296 1.502768656214
297 1.501915982456
298 1.501078229592
299 1.500255087413
300 1.499446252884
301 1.498651429965
302 1.497870329428
303 1.497102668683
304 1.496348171609
305 1.495606568391
306 1.494877595359
307 1.49416099483
308 1.493456514964
309 1.492763909608
310 1.492082938163
311 1.491413365438
312 1.490754961515
313 1.490107501626
314 1.489470766014
315 1.488844539818
316 1.488228612948
317 1.487622779968
318 1.487026839983
319 1.486440596527
320 1.485863857455
321 1.485296434838
322 1.48473814486
323 1.484188807719
324 1.483648247531
325 1.483116292233
326 1.482592773494
327 1.482077526624
328 1.481570390486
329 1.481071207415
330 1.48057982313
331 1.480096086658
332 1.479619850256
333 1.479150969331
334 1.478689302368
335 1.478234710857
336 1.477787059227
337 1.477346214768
338 1.476912047575
339 1.476484430473
340 1.476063238961
341 1.475648351148
342 1.475239647688
343 1.47483701173
344 1.474440328854
345 1.474049487016
346 1.473664376498
347 1.473284889849
348 1.472910921838
349 1.472542369403
350 1.472179131597
351 1.471821109547
352 1.471468206404
353 1.471120327297
354 1.470777379287
355 1.470439271331
356 1.470105914229
357 1.469777220594
358 1.4694531048
359 1.469133482955
360 1.468818272853
361 1.468507393941
362 1.468200767283
363 1.467898315522
364 1.467599962848
365 1.467305634963
366 1.467015259046
367 1.466728763724
368 1.466446079039
369 1.466167136418
370 1.465891868641
371 1.465620209813
372 1.465352095338
373 1.465087461885
374 1.464826247368
375 1.464568390913
376 1.464313832836
377 1.464062514617
378 1.463814378872
379 1.463569369336
380 1.46332743083
381 1.463088509246
382 1.46285255152
383 1.46261950561
384 1.462389320478
385 1.462161946065
386 1.461937333271
387 1.461715433939
388 1.46149620083
389 1.461279587607
390 1.461065548815
391 1.460854039863
392 1.460645017007
393 1.460438437332
394 1.460234258733
395 1.460032439901
396 1.459832940307
397 1.459635720183
398 1.459440740508
399 1.459247962993
400 1.459057350067
401 1.45886886486
402 1.45868247119
403 1.458498133551
404 1.458315817096
405 1.458135487625
406 1.457957111573
407 1.457780655994
408 1.457606088555
409 1.457433377516
410 1.457262491723
411 1.457093400596
412 1.456926074116
413 1.456760482813
414 1.456596597759
415 1.456434390554
416 1.456273833314
417 1.456114898668
418 1.455957559738
419 1.455801790138
420 1.45564756396
421 1.455494855763
422 1.455343640569
423 1.45519389385
424 1.455045591521
425 1.454898709929
426 1.454753225848
427 1.454609116469
428 1.454466359391
429 1.454324932615
430 1.454184814535
431 1.45404598393
432 1.453908419959
433 1.453772102151
434 1.453637010399
435 1.453503124953
436 1.453370426412
437 1.453238895721
438 1.453108514161
439 1.452979263341
440 1.452851125198
441 1.452724081985
442 1.452598116268
443 1.452473210917
444 1.452349349106
445 1.452226514301
446 1.452104690257
447 1.451983861015
448 1.451864010893
449 1.451745124483
450 1.451627186643
451 1.451510182496
452 1.451394097425
453 1.451278917061
454 1.45116462729
455 1.451051214237
456 1.45093866427
457 1.450826963991
458 1.450716100232
459 1.450606060052
460 1.450496830733
461 1.450388399774
462 1.450280754891
463 1.450173884008
464 1.450067775255
465 1.449962416967
466 1.449857797676
467 1.44975390611
468 1.449650731191
469 1.449548262026
470 1.449446487908
471 1.449345398314
472 1.449244982896
473 1.449145231482
474 1.449046134074
475 1.448947680841
476 1.448849862117
477 1.448752668402
478 1.448656090352
479 1.448560118782
480 1.448464744663
481 1.448369959114
482 1.448275753404
483 1.448182118951
484 1.448089047312
485 1.447996530188
486 1.447904559418
487 1.447813126975
488 1.447722224969
489 1.447631845639
490 1.447541981353
491 1.447452624607
492 1.44736376802
493 1.447275404334
494 1.447187526411
495 1.44710012723
496 1.447013199889
497 1.446926737596
498 1.446840733673
499 1.446755181553
500 1.446670074774
501 1.446585406983
502 1.44650117193
503 1.446417363468
504 1.44633397555
505 1.446251002229
506 1.446168437654
507 1.446086276071
508 1.446004511819
509 1.44592313933
510 1.445842153127
511 1.44576154782
512 1.44568131811
513 1.445601458781
514 1.445521964703
515 1.44544283083
516 1.445364052197
517 1.44528562392
518 1.445207541192
519 1.445129799286
520 1.445052393551
521 1.44497531941
522 1.444898572361
523 1.444822147973
524 1.444746041889
525 1.444670249818
526 1.444594767542
527 1.444519590908
528 1.444444715832
529 1.444370138293
530 1.444295854336
531 1.444221860068
532 1.444148151661
533 1.444074725344
534 1.44400157741
535 1.443928704209
536 1.44385610215
537 1.4437837677
538 1.443711697379
539 1.443639887766
540 1.443568335493
541 1.443497037245
542 1.44342598976
543 1.443355189828
544 1.44328463429
545 1.443214320036
546 1.443144244005
547 1.443074403188
548 1.443004794618
549 1.442935415379
550 1.442866262599
551 1.442797333452
552 1.442728625157
553 1.442660134975
554 1.442591860213
555 1.442523798217
556 1.442455946376
557 1.442388302122
558 1.442320862925
559 1.442253626294
560 1.442186589779
561 1.442119750968
562 1.442053107486
563 1.441986656996
564 1.441920397196
565 1.441854325821
566 1.441788440642
567 1.441722739463
568 1.441657220125
569 1.441591880499
570 1.441526718491
571 1.441461732041
572 1.441396919119
573 1.441332277726
574 1.441267805897
575 1.441203501694
576 1.441139363212
577 1.441075388573
578 1.44101157593
579 1.440947923463
580 1.440884429382
581 1.440821091924
582 1.440757909351
583 1.440694879956
584 1.440632002055
585 1.440569273991
586 1.440506694132
587 1.440444260873
588 1.440381972632
589 1.440319827851
590 1.440257824997
591 1.440195962561
592 1.440134239056
593 1.440072653018
594 1.440011203007
595 1.439949887601
596 1.439888705406
597 1.439827655043
598 1.439766735159
599 1.439705944419
600 1.43964528151
601 1.439584745136
602 1.439524334025
603 1.439464046922
604 1.439403882592
605 1.439343839817
606 1.4392839174
607 1.439224114161
608 1.439164428938
609 1.439104860586
610 1.43904540798
611 1.438986070009
612 1.438926845581
613 1.438867733619
614 1.438808733064
615 1.438749842871
616 1.438691062013
617 1.438632389476
618 1.438573824265
619 1.438515365397
620 1.438457011905
621 1.438398762836
622 1.438340617252
623 1.438282574229
624 1.438224632857
625 1.438166792239
626 1.438109051494
627 1.43805140975
628 1.437993866153
629 1.437936419857
630 1.437879070034
631 1.437821815863
632 1.437764656539
633 1.437707591268
634 1.437650619268
635 1.437593739768
636 1.43753695201
637 1.437480255247
638 1.437423648741
639 1.437367131768
640 1.437310703614
641 1.437254363575
642 1.437198110957
643 1.437141945079
644 1.437085865266
645 1.437029870857
646 1.436973961199
647 1.436918135648
648 1.436862393572
649 1.436806734347
650 1.436751157357
651 1.436695661997
652 1.436640247671
653 1.43658491379
654 1.436529659777
655 1.436474485059
656 1.436419389076
657 1.436364371274
658 1.436309431107
659 1.436254568037
660 1.436199781536
661 1.436145071082
662 1.43609043616
663 1.436035876265
664 1.435981390897
665 1.435926979565
666 1.435872641785
667 1.435818377079
668 1.435764184978
669 1.435710065018
670 1.435656016742
671 1.435602039701
672 1.435548133452
673 1.435494297557
674 1.435440531588
675 1.435386835119
676 1.435333207733
677 1.435279649018
678 1.435226158569
679 1.435172735986
680 1.435119380874
681 1.435066092846
682 1.435012871519
683 1.434959716516
684 1.434906627466
685 1.434853604002
686 1.434800645764
687 1.434747752395
688 1.434694923547
689 1.434642158872
690 1.434589458031
691 1.434536820689
692 1.434484246514
693 1.434431735182
694 1.434379286369
695 1.434326899761
696 1.434274575045
697 1.434222311914
698 1.434170110064
699 1.434117969197
700 1.434065889017
701 1.434013869236
702 1.433961909567
703 1.433910009727
704 1.433858169438
705 1.433806388427
706 1.433754666424
707 1.433703003161
708 1.433651398377
709 1.433599851813
710 1.433548363212
711 1.433496932325
712 1.433445558902
713 1.433394242699
714 1.433342983476
715 1.433291780994
716 1.433240635018
717 1.433189545319
718 1.433138511668
719 1.43308753384
720 1.433036611614
721 1.432985744772
722 1.432934933097
723 1.432884176378
724 1.432833474406
725 1.432782826973
726 1.432732233876
727 1.432681694914
728 1.43263120989
729 1.432580778607
730 1.432530400873
731 1.432480076497
732 1.432429805294
733 1.432379587077
734 1.432329421664
735 1.432279308875
736 1.432229248534
737 1.432179240464
738 1.432129284494
739 1.432079380453
740 1.432029528173
741 1.431979727488
742 1.431929978235
743 1.431880280253
744 1.431830633382
745 1.431781037465
746 1.431731492348
747 1.431681997877
748 1.431632553902
749 1.431583160273
750 1.431533816845
751 1.431484523471
752 1.43143528001
753 1.431386086319
754 1.43133694226
755 1.431287847695
756 1.431238802488
757 1.431189806505
758 1.431140859615
759 1.431091961686
760 1.43104311259
761 1.4309943122
762 1.430945560389
763 1.430896857035
764 1.430848202015
765 1.430799595208
766 1.430751036495
767 1.430702525757
768 1.430654062879
769 1.430605647747
770 1.430557280245
771 1.430508960263
772 1.43046068769
773 1.430412462417
774 1.430364284336
775 1.43031615334
776 1.430268069324
777 1.430220032183
778 1.430172041817
779 1.430124098122
780 1.430076200999
781 1.430028350348
782 1.429980546073
783 1.429932788075
784 1.429885076261
785 1.429837410534
786 1.429789790802
787 1.429742216974
788 1.429694688956
789 1.429647206661
790 1.429599769998
791 1.42955237888
792 1.429505033219
793 1.42945773293
794 1.429410477928
795 1.429363268128
796 1.429316103448
797 1.429268983805
798 1.429221909119
799 1.429174879308
800 1.429127894293
