200 1.592991471 ##  100 1.796         #Linear Extrap. from 200 nm, approx for Cerenkov Rad.-LLH
210 1.572721958
220 1.555958152
230 1.541943431
240 1.530112624
250 1.520036936
260 1.511386752
270 1.503905773
280 1.497392654
290 1.491686940
300 1.486660242
310 1.482208610
320 1.478247046
330 1.474705815
340 1.471527100
350 1.468662620
360 1.466072083
370 1.463721156
380 1.461581111
390 1.459627151
400 1.457837939
410 1.4562
415 1.4556
420 1.4548
425 1.4540
430 1.4534
435 1.4525
440 1.4519
445 1.4513
450 1.4507
455 1.4502
460 1.4497
465 1.4493
470 1.4488
475 1.4481
480 1.4476
485 1.4472
490 1.4468
495 1.4462
500 1.4460
505 1.4456
510 1.4452
515 1.4448
520 1.4445
525 1.4441
530 1.4438
535 1.4434
540 1.4432
545 1.4428
550 1.4424
560 1.441920877
570 1.441376567
580 1.440862298
590 1.440375924
600 1.439915299
610 1.439478636
620 1.439064384
630 1.438670993
640 1.438297033
650 1.437941194
660 1.437602401
670 1.437279463
680 1.436971545
690 1.436677694
700 1.436396956
710 1.436128616
720 1.435871959
730 1.435626268
740 1.435390949
750 1.435165405
760 1.434949040
770 1.434741616
780 1.434542298
790 1.434350848
800 1.434166908
