115.855 1.588
116.866 1.619
119.897 1.656
120.908 1.692
124.949 1.732
127.981 1.767
132.023 1.794
136.064 1.818
143.137 1.873
146.169 1.910
147.179 1.929
150.211 1.947
152.232 1.947
155.263 1.926
158.294 1.813
158.792 1.797
160.315 1.704
164.357 1.681
166.378 1.670
171.430 1.672
176.482 1.692
182.545 1.744
185.576 1.764
191.639 1.773
197.702 1.773
206.796 1.751
210.838 1.720
216.900 1.684
228.015 1.637
241.151 1.586
259.339 1.547
285.611 1.514
298.747 1.501
316.935 1.487
339.164 1.473
364.426 1.468
396.760 1.462
440.209 1.455
474.565 1.448
590.766 1.438
800.000 1.430 ## made this up
