340  4.65331e-05
341  7.05998e-05
342  0.000110118
343  0.000178346
344  0.000276297
345  0.000413447
346  0.000515635
347  0.000614508
348  0.000709412
349  0.00080034
350  0.000826883
351  0.000859321
352  0.000922271
353  0.000995147
354  0.00106635
355  0.00113302
356  0.00119401
357  0.00124907
358  0.00130013
359  0.00134722
360  0.00139152
361  0.00142409
362  0.00146892
363  0.00152542
364  0.00156899
365  0.00161759
366  0.00167179
367  0.00173504
368  0.00179924
369  0.00187012
370  0.00194535
371  0.0020251
372  0.0021105
373  0.00220211
374  0.00229911
375  0.0024034
376  0.00251698
377  0.00264057
378  0.00277619
379  0.00292821
380  0.00309896
381  0.00329367
382  0.00351702
383  0.00377802
384  0.00409065
385  0.00448312
386  0.00493247
387  0.00547909
388  0.00615701
389  0.00698955
390  0.00802314
391  0.009365
392  0.0110708
393  0.0132731
394  0.0161879
395  0.0200933
396  0.0252874
397  0.0324409
398  0.0421697
399  0.0555893
400  0.0739767
401  0.0986337
402  0.132183
403  0.178917
404  0.243185
405  0.328046
406  0.439574
407  0.583113
408  0.758908
409  0.963681
410  1.20261
411  1.47337
412  1.76393
413  2.08469
414  2.41382
415  2.76468
416  3.14639
417  3.52807
418  3.90879
419  4.34582
420  4.70436
421  5.10495
422  5.49143
423  5.88394
424  6.23675
425  6.60934
426  6.78886
427  7.12839
428  7.37378
429  7.5284
430  7.8173
431  8.05709
432  8.22855
433  8.44666
434  8.6484
435  8.80467
436  9.02887
437  9.11694
438  9.32876
439  9.45886
440  9.63428
441  9.73176
442  9.95135
443  10.2294
444  10.1922
445  10.4328
446  10.563
447  10.7075
448  10.8032
449  11.3303
450  11.3088
451  11.4897
452  11.7796
453  11.9323
454  12.3965
455  12.5389
456  12.629
457  12.9705
458  13.1229
459  13.4613
460  13.6906
461  13.9687
462  14.1326
463  14.336
464  14.7462
465  15.1321
466  15.4755
467  16.1094
468  15.5627
469  16.2675
470  16.2639
471  16.9757
472  17.2591
473  17.3905
474  17.4682
475  18.3044
476  18.1678
477  18.6408
478  18.439
479  19.196
480  19.803
481  21.1928
482  21.0512
483  21.5186
484  22.185
485  22.725
486  23.4292
487  23.71
488  24.5049
489  24.641
490  25.5632
491  25.1456
492  25.4483
493  26.0945
494  25.5126
495  26.9749
496  27.3934
497  28.2598
498  28.2493
499  30.3035
500  28.9681
501  31.0526
502  32.063
503  31.1231
504  32.4966
505  33.7777
506  33.2696
507  34.3689
508  34.1284
509  35.2634
510  35.9771
511  37.5556
512  40.1732
513  41.3832
514  38.2965
515  44.0173
516  45.9239
517  46.047
518  46.9052
519  51.0602
520  47.1573
521  55.6824
522  54.7447
523  55.4549
524  65.0871
525  61.4353
526  66.8013
527  60.3799
528  69.5275
529  72.7648
530  64.1176
531  64.9431
532  64.8361
533  63.8682
534  66.5139
535  80.9287
536  75.2075
537  85.7071
538  99.3555
539  108.515
540  95.3408
541  105.33
542  130.391
543  109.147
544  137.962
545  127.263
546  127.814
547  115.935
548  125.663
549  119.944
550  99.3358
551  97.933
552  90.9722
553  95.8426
554  98.1192
555  85.5176
556  75.8345
557  81.5778
558  74.6429
559  70.0762
560  67.8232
561  73.6914
562  80.9404
563  76.7026
564  78.016
565  81.4396
566  76.9275
567  68.7328
568  67.8327
569  61.0302
570  60.7604
571  58.1095
572  61.427
573  70.1873
574  69.9589
575  84.606
576  125.183
577  141.244
578  220.191
579  284.576
580  379.923
581  530.392
582  424.41
583  420.943
584  380.823
585  343.446
586  285.721
587  207.305
588  220.804
589  152.014
590  154.172
591  137.864
592  111.64
593  101.088
594  83.2161
595  86.4831
596  80.6118
597  71.9245
598  64.801
599  60.2491
600  51.3252
