250.8  0.1
254.8  0.2
257.5  0.3
258.8  0.4
260.2  0.5
260.7  0.6
261.5  0.7
264.2  0.8
265.5  0.9
266.9  1.0
273.6  2.0
278.9  3.0
282.9  4.0
288.3  5.0
291.0  6.0
296.3  7.0
301.7  8.0
305.7  9.0
311.0  10.0
327.1  13.5
348.5  17.3
363.9  20.0
400.0  27.0
443.5  32.4
474.2  35.4
500.0  36.2
530.7  35.7
573.5  33.9
612.0  30.0
639.3  26.7
676.8  21.4
695.0  20.0
718.0  17.1
737.8  12.1
745.8  10.0
751.2  9.0
753.8  8.0
757.8  7.0
760.5  6.0
763.2  5.0
767.2  4.0
771.2  3.0
776.8  2.0
784.6  1.0
785.9  0.9
786.5  0.8
800.0  0.2
807.3  0.1
