369 0
370 0.08308554056687
371 0.07758554881136
372 0.0635308285958
373 0.07575221822619
374 0.07147424329311
375 0.07025222647068
376 0.07697423504862
377 0.07636292128587
378 0.06597486224066
379 0.07758554881136
380 0.06964091270794
381 0.0635308285958
382 0.07575221822619
383 0.07880756563378
384 0.08247422680412
385 0.07575221822619
386 0.08614149867752
387 0.06108679495095
388 0.08308554056687
389 0.07330757387828
390 0.07941887939653
391 0.08980815984786
392 0.0812522099817
393 0.0812522099817
394 0.08919684608512
395 0.07330757387828
396 0.08369685432961
397 0.08491887115204
398 0.07758554881136
399 0.094086745484
400 0.08980815984786
401 0.0977540173574
402 0.09347543172126
403 0.1075338161552
404 0.1112016987316
405 0.1026439167563
406 0.09286411795852
407 0.1203714051728
408 0.1313762743083
409 0.1460502474263
410 0.1656196162708
411 0.165007691805
412 0.2004846539482
413 0.2292414396225
414 0.2347487598148
415 0.2775932436699
416 0.3039194311667
417 0.3774205979149
418 0.4307380285406
419 0.5423550053528
420 0.6442550857824
421 0.7357933673983
422 0.8815437596224
423 1.020698558802
424 1.193338206744
425 1.489883398465
426 1.785940027738
427 2.123164150265
428 2.587414509205
429 3.063524721565
430 3.544056424077
431 4.186522149895
432 5.045738605655
433 5.906579531554
434 7.095819920767
435 8.404556577669
436 9.735034263495
437 11.45996505557
438 13.11503141762
439 15.40632822725
440 17.40448756822
441 20.09927588938
442 23.32824617685
443 26.40466284
444 30.0791410095
445 34.29146536367
446 38.98856580661
447 43.1837294048
448 48.35137655523
449 53.96098950995
450 59.43160644829
451 65.05697554195
452 70.89468608947
453 76.57361384146
454 81.20091092468
455 85.98943361566
456 90.13549668785
457 93.41436141529
458 95.82785990716
459 97.10972562944
460 97.72348220442
461 98.29998589276
462 97.00712751541
463 94.60156816332
464 91.30071812573
465 88.03467816254
466 84.14572107848
467 80.81067166955
468 76.38307448684
469 72.23823282077
470 67.09977727659
471 63.11005418768
472 58.42211429063
473 53.76489275749
474 49.99380136394
475 46.42845583121
476 43.15459886886
477 40.04758598241
478 36.88848012497
479 34.20810439602
480 31.34470096009
481 29.36040457856
482 27.10642172588
483 25.19626469581
484 23.54791606741
485 21.40477582007
486 19.93493569602
487 18.30301497994
488 16.8291442157
489 15.87705814565
490 14.26327531044
491 13.35711411048
492 12.38145490233
493 11.29171636263
494 10.29077404781
495 9.682758081586
496 9.133552820013
497 8.396678508199
498 7.935903049668
499 7.494364737517
500 6.996031040815
501 6.452688528615
502 6.174513284929
503 5.569453121517
504 5.284321969982
505 5.038092603348
506 4.698902016969
507 4.462737036759
508 4.011366405347
509 3.818164385385
510 3.592534032955
511 3.393090627723
512 3.269948462769
513 3.037197312662
514 2.885620813249
515 2.680485655501
516 2.558076334218
517 2.417083318829
518 2.454501095296
519 2.312384386277
520 2.141827235769
521 2.058502910305
522 1.857899169261
523 1.933632455692
524 1.825635726618
525 1.741297634075
526 1.678706677488
527 1.594472404466
528 1.527008037463
529 1.53628461694
530 1.39651300767
531 1.371791747814
532 1.300131850791
533 1.344603247597
534 1.288400245014
535 1.243330359209
536 1.162491595199
537 1.158173924567
538 1.165575645651
539 1.092810376089
540 1.056443008885
541 1.018237425471
542 1.041034970689
543 0.9664986622549
544 0.9584923451425
545 0.9683429854952
546 0.9430965210079
547 0.9086223332888
548 0.8747771697211
549 0.8870828363737
550 0.887699646464
551 0.8353990364327
552 0.8680044727892
553 0.8452435697548
554 0.8575492364074
555 0.8120274303386
556 0.7991110606263
557 0.8046501373777
558 0.7505418462897
559 0.7935780909056
560 0.8009553838666
561 0.7591466524006
562 0.7665239453616
563 0.7652964322117
564 0.7591466524006
565 0.7536197897105
566 0.7689850786921
567 0.743781363419
568 0.7732905352629
569 0.7105957591558
570 0.7628352988811
571 0.6921647408146
572 0.7204280784167
573 0.7407095270288
574 0.6866378781244
575 0.6823324215537
576 0.6989252236853
577 0.7112125692461
578 0.6940090640548
579 0.7056795995254
580 0.6915479307243
581 0.6258301744718
582 0.7032245732254
583 0.6909372276646
584 0.6964640903547
585 0.6362670897617
586 0.6792605851635
587 0.7480868199898
588 0.6565363243126
589 0.6798773952537
590 0.6417939524519
591 0.6522369747725
592 0.6768055588635
593 0.6436382756921
594 0.6700511830234
595 0.6682068597832
596 0.6332013604021
597 0.6528537848627
598 0.6319738472522
599 0.6516201646822
600 0.6356563867021
601 0.628902010862
602 0.589609986705
603 0.6025007068888
604 0.5951344065829
605 0.6436382756921
606 0.5926787695799
607 0.638111413002
608 0.6282852007717
609 0.6080263481728
610 0.5969756763078
611 0.5546270833372
612 0.6246026613218
613 0.5982038001609
614 0.6006594371638
615 0.6166207723317
616 0.5914512564299
617 0.5632184539808
618 0.5374461741591
619 0.5687416524526
620 0.5846993234021
621 0.5497182521434
622 0.5356055151372
623 0.5515589111653
624 0.5399005897559
625 0.5227221233901
626 0.5104530989211
627 0.5441956643747
628 0.5214952209432
629 0.4987990524331
630 0.5227221233901
631 0.481013547226
632 0.4994121983051
633 0.4816266930979
634 0.4865330814794
635 0.4583253178557
636 0.4871462273513
637 0.4785603530352
638 0.4589384637276
639 0.4534201508803
640 0.4423853572949
641 0.4436110383357
642 0.4479024487361
643 0.4056082083377
644 0.4160268025359
645 0.4393196279353
646 0.4374808010226
647 0.4184787753205
648 0.4080595704193
649 0.3951902248425
650 0.4105109325008
651 0.403769381425
652 0.3817095655031
653 0.3896749655105
654 0.367005057232
655 0.3970284410522
656 0.3835477817127
657 0.3902881113825
658 0.3492397052258
659 0.3590408786307
660 0.362103554475
661 0.3516898459013
662 0.3339269367073
663 0.3253526657494
664 0.330864260863
665 0.3431143535372
666 0.3143294755221
667 0.3014699011944
668 0.3020824363632
669 0.3161664703256
670 0.2837149311402
671 0.2861638504095
672 0.2788170926015
673 0.2861638504095
674 0.2677987879987
675 0.2586168674964
676 0.2684107124645
677 0.2463765460711
678 0.2647379442636
679 0.2659624038982
680 0.2439282375049
681 0.237196457678
682 0.2353606842806
683 0.2476003950027
684 0.234136835349
685 0.2323010619516
686 0.2304652885541
687 0.2218983460329
688 0.2267937417593
689 0.209661688826
690 0.2188393344069
691 0.201096578414
692 0.2029317411083
693 0.1870265906219
694 0.1968143285595
695 0.1894736777821
696 0.1643963780423
697 0.1992614157196
698 0.1882498288505
699 0.1864152768592
700 0.1900849915448
701 0.1717351967105
702 0.1876385150877
703 0.15461169362
704 0.1582807976026
705 0.1692887202534
706 0.162561826051
707 0.1637844535765
708 0.1699006447192
709 0.178463312319
710 0.1533884553915
711 0.1539997691542
712 0.1417704403841
713 0.1436043816723
714 0.1460502474263
715 0.1399358883928
716 0.1484967238834
717 0.134432843122
718 0.1423817541468
719 0.1613385878225
720 0.1460502474263
721 0.1350441568847
722 0.1258732290375
723 0.122205346461
724 0.1313762743083
725 0.1075338161552
726 0.1264851535033
727 0.1283190947915
728 0.1081451299179
729 0.09836533112015
730 0.1203714051728
731 0.1063111886297
732 0.1069225023924
733 0.1112016987316
734 0.1160922088336
735 0.09530937300949
736 0.1136469537826
737 0.1056998748669
738 0.1063111886297
739 0.1014212892308
740 0.09592007606917
741 0.09592007606917
742 0.1081451299179
743 0.09164210113609
744 0.0977540173574
745 0.08430755738929
746 0.08675220173721
747 0.094086745484
748 0.09530937300949
749 0.08675220173721
750 0.1038665442818
751 0.094086745484
752 0.09225280419577
753 0.103255230519
754 0.07941887939653
755 0.07575221822619
756 0.07697423504862
757 0.08002958245621
758 0.07330757387828
759 0.07025222647068
760 0.07758554881136
761 0.08002958245621
762 0.07391888764102
763 0.08491887115204
764 0.05864239488426
765 0.059864472777
766 0.07575221822619
767 0.07697423504862
768 0.06903020964825
769 0.06903020964825
770 0.06536354847791
771 0.07697423504862
772 0.06475284541823
773 0.06047548118821
774 0.07514090446345
775 0.05742037806184
776 0.06414153165549
777 0.06964091270794
778 0.0635308285958
779 0.059864472777
780 0.05619836123941
781 0.07147424329311
782 0.06658556530034
783 0.07086354023342
784 0.06108679495095
785 0.05925340329548
786 0.06291951483306
787 0.06108679495095
788 0.05253243291274
789 0.03909165248309
790 0.05864239488426
791 0.05864239488426
792 0.05497640548729
793 0.06230881177338
794 0.06841889588551
795 0.0635308285958
796 0.05192142450153
797 0.06964091270794
798 0.06169749801063
799 0.0500885214085
800 0.059864472777
801 0
