292 0
293 0.08308554056687
294 0.07758554881136
295 0.0635308285958
296 0.07575221822619
297 0.07147424329311
298 0.07025222647068
299 0.07697423504862
300 0.07636292128587
301 0.06597486224066
302 0.07758554881136
303 0.06964091270794
304 0.0635308285958
305 0.07575221822619
306 0.07880756563378
307 0.08247422680412
308 0.07575221822619
309 0.08614149867752
310 0.06108679495095
311 0.08308554056687
312 0.07330757387828
313 0.07941887939653
314 0.08980815984786
315 0.0812522099817
316 0.0812522099817
317 0.08919684608512
318 0.07330757387828
319 0.08369685432961
320 0.08491887115204
321 0.07758554881136
322 0.094086745484
323 0.08980815984786
324 0.0977540173574
325 0.09347543172126
326 0.1075338161552
327 0.1112016987316
328 0.1026439167563
329 0.09286411795852
330 0.1203714051728
331 0.1313762743083
332 0.1460502474263
333 0.1656196162708
334 0.165007691805
335 0.2004846539482
336 0.2292414396225
337 0.2347487598148
338 0.2775932436699
339 0.3039194311667
340 0.3774205979149
341 0.4307380285406
342 0.5423550053528
343 0.6442550857824
344 0.7357933673983
345 0.8815437596224
346 1.020698558802
347 1.193338206744
348 1.489883398465
349 1.785940027738
350 2.123164150265
351 2.587414509205
352 3.063524721565
353 3.544056424077
354 4.186522149895
355 5.045738605655
356 5.906579531554
357 7.095819920767
358 8.404556577669
359 9.735034263495
360 11.45996505557
361 13.11503141762
362 15.40632822725
363 17.40448756822
364 20.09927588938
365 23.32824617685
366 26.40466284
367 30.0791410095
368 34.29146536367
369 38.98856580661
370 43.1837294048
371 48.35137655523
372 53.96098950995
373 59.43160644829
374 65.05697554195
375 70.89468608947
376 76.57361384146
377 81.20091092468
378 85.98943361566
379 90.13549668785
380 93.41436141529
381 95.82785990716
382 97.10972562944
383 97.72348220442
384 98.29998589276
385 97.00712751541
386 94.60156816332
387 91.30071812573
388 88.03467816254
389 84.14572107848
390 80.81067166955
391 76.38307448684
392 72.23823282077
393 67.09977727659
394 63.11005418768
395 58.42211429063
396 53.76489275749
397 49.99380136394
398 46.42845583121
399 43.15459886886
400 40.04758598241
401 36.88848012497
402 34.20810439602
403 31.34470096009
404 29.36040457856
405 27.10642172588
406 25.19626469581
407 23.54791606741
408 21.40477582007
409 19.93493569602
410 18.30301497994
411 16.8291442157
412 15.87705814565
413 14.26327531044
414 13.35711411048
415 12.38145490233
416 11.29171636263
417 10.29077404781
418 9.682758081586
419 9.133552820013
420 8.396678508199
421 7.935903049668
422 7.494364737517
423 6.996031040815
424 6.452688528615
425 6.174513284929
426 5.569453121517
427 5.284321969982
428 5.038092603348
429 4.698902016969
430 4.462737036759
431 4.011366405347
432 3.818164385385
433 3.592534032955
434 3.393090627723
435 3.269948462769
436 3.037197312662
437 2.885620813249
438 2.680485655501
439 2.558076334218
440 2.417083318829
441 2.454501095296
442 2.312384386277
443 2.141827235769
444 2.058502910305
445 1.857899169261
446 1.933632455692
447 1.825635726618
448 1.741297634075
449 1.678706677488
450 1.594472404466
451 1.527008037463
452 1.53628461694
453 1.39651300767
454 1.371791747814
455 1.300131850791
456 1.344603247597
457 1.288400245014
458 1.243330359209
459 1.162491595199
460 1.158173924567
461 1.165575645651
462 1.092810376089
463 1.056443008885
464 1.018237425471
465 1.041034970689
466 0.9664986622549
467 0.9584923451425
468 0.9683429854952
469 0.9430965210079
470 0.9086223332888
471 0.8747771697211
472 0.8870828363737
473 0.887699646464
474 0.8353990364327
475 0.8680044727892
476 0.8452435697548
477 0.8575492364074
478 0.8120274303386
479 0.7991110606263
480 0.8046501373777
481 0.7505418462897
482 0.7935780909056
483 0.8009553838666
484 0.7591466524006
485 0.7665239453616
486 0.7652964322117
487 0.7591466524006
488 0.7536197897105
489 0.7689850786921
490 0.743781363419
491 0.7732905352629
492 0.7105957591558
493 0.7628352988811
494 0.6921647408146
495 0.7204280784167
496 0.7407095270288
497 0.6866378781244
498 0.6823324215537
499 0.6989252236853
500 0.7112125692461
501 0.6940090640548
502 0.7056795995254
503 0.6915479307243
504 0.6258301744718
505 0.7032245732254
506 0.6909372276646
507 0.6964640903547
508 0.6362670897617
509 0.6792605851635
510 0.7480868199898
511 0.6565363243126
512 0.6798773952537
513 0.6417939524519
514 0.6522369747725
515 0.6768055588635
516 0.6436382756921
517 0.6700511830234
518 0.6682068597832
519 0.6332013604021
520 0.6528537848627
521 0.6319738472522
522 0.6516201646822
523 0.6356563867021
524 0.628902010862
525 0.589609986705
526 0.6025007068888
527 0.5951344065829
528 0.6436382756921
529 0.5926787695799
530 0.638111413002
531 0.6282852007717
532 0.6080263481728
533 0.5969756763078
534 0.5546270833372
535 0.6246026613218
536 0.5982038001609
537 0.6006594371638
538 0.6166207723317
539 0.5914512564299
540 0.5632184539808
541 0.5374461741591
542 0.5687416524526
543 0.5846993234021
544 0.5497182521434
545 0.5356055151372
546 0.5515589111653
547 0.5399005897559
548 0.5227221233901
549 0.5104530989211
550 0.5441956643747
551 0.5214952209432
552 0.4987990524331
553 0.5227221233901
554 0.481013547226
555 0.4994121983051
556 0.4816266930979
557 0.4865330814794
558 0.4583253178557
559 0.4871462273513
560 0.4785603530352
561 0.4589384637276
562 0.4534201508803
563 0.4423853572949
564 0.4436110383357
565 0.4479024487361
566 0.4056082083377
567 0.4160268025359
568 0.4393196279353
569 0.4374808010226
570 0.4184787753205
571 0.4080595704193
572 0.3951902248425
573 0.4105109325008
574 0.403769381425
575 0.3817095655031
576 0.3896749655105
577 0.367005057232
578 0.3970284410522
579 0.3835477817127
580 0.3902881113825
581 0.3492397052258
582 0.3590408786307
583 0.362103554475
584 0.3516898459013
585 0.3339269367073
586 0.3253526657494
587 0.330864260863
588 0.3431143535372
589 0.3143294755221
590 0.3014699011944
591 0.3020824363632
592 0.3161664703256
593 0.2837149311402
594 0.2861638504095
595 0.2788170926015
596 0.2861638504095
597 0.2677987879987
598 0.2586168674964
599 0.2684107124645
600 0.2463765460711
601 0.2647379442636
602 0.2659624038982
603 0.2439282375049
604 0.237196457678
605 0.2353606842806
606 0.2476003950027
607 0.234136835349
608 0.2323010619516
609 0.2304652885541
610 0.2218983460329
611 0.2267937417593
612 0.209661688826
613 0.2188393344069
614 0.201096578414
615 0.2029317411083
616 0.1870265906219
617 0.1968143285595
618 0.1894736777821
619 0.1643963780423
620 0.1992614157196
621 0.1882498288505
622 0.1864152768592
623 0.1900849915448
624 0.1717351967105
625 0.1876385150877
626 0.15461169362
627 0.1582807976026
628 0.1692887202534
629 0.162561826051
630 0.1637844535765
631 0.1699006447192
632 0.178463312319
633 0.1533884553915
634 0.1539997691542
635 0.1417704403841
636 0.1436043816723
637 0.1460502474263
638 0.1399358883928
639 0.1484967238834
640 0.134432843122
641 0.1423817541468
642 0.1613385878225
643 0.1460502474263
644 0.1350441568847
645 0.1258732290375
646 0.122205346461
647 0.1313762743083
648 0.1075338161552
649 0.1264851535033
650 0.1283190947915
651 0.1081451299179
652 0.09836533112015
653 0.1203714051728
654 0.1063111886297
655 0.1069225023924
656 0.1112016987316
657 0.1160922088336
658 0.09530937300949
659 0.1136469537826
660 0.1056998748669
661 0.1063111886297
662 0.1014212892308
663 0.09592007606917
664 0.09592007606917
665 0.1081451299179
666 0.09164210113609
667 0.0977540173574
668 0.08430755738929
669 0.08675220173721
670 0.094086745484
671 0.09530937300949
672 0.08675220173721
673 0.1038665442818
674 0.094086745484
675 0.09225280419577
676 0.103255230519
677 0.07941887939653
678 0.07575221822619
679 0.07697423504862
680 0.08002958245621
681 0.07330757387828
682 0.07025222647068
683 0.07758554881136
684 0.08002958245621
685 0.07391888764102
686 0.08491887115204
687 0.05864239488426
688 0.059864472777
689 0.07575221822619
690 0.07697423504862
691 0.06903020964825
692 0.06903020964825
693 0.06536354847791
694 0.07697423504862
695 0.06475284541823
696 0.06047548118821
697 0.07514090446345
698 0.05742037806184
699 0.06414153165549
700 0.06964091270794
701 0.0635308285958
702 0.059864472777
703 0.05619836123941
704 0.07147424329311
705 0.06658556530034
706 0.07086354023342
707 0.06108679495095
708 0.05925340329548
709 0.06291951483306
710 0.06108679495095
711 0.05253243291274
712 0.03909165248309
713 0.05864239488426
714 0.05864239488426
715 0.05497640548729
716 0.06230881177338
717 0.06841889588551
718 0.0635308285958
719 0.05192142450153
720 0.06964091270794
721 0.06169749801063
722 0.0500885214085
723 0.059864472777
724 0
